91

128 24 90
129 13 41
130 37 100
131 50 104
3 7 87
4 69 53
5 63 68
133 23 58
134 32 41
7 19 78
136 2 67
10 62 40
138 8 38
11 60 65
141 30 102
14 21 61
15 41 174
16 51 45
146 49 140
18 59 100
147 33 36
149 5 105
27 3 78
155 38 73
28 42 125
157 0 104
158 52 66
34 45 115
39 53 71
42 10 47
43 18 119
45 54 62
47 11 102
48 61 97
52 1 61
55 70 98
56 20 98
59 55 86
64 35 70
67 47 186
69 26 65
70 56 147
72 29 58
76 44 49
77 15 53
89 6 41
95 68 124
96 4 93
100 16 203
101 71 84
109 31 143
112 65 128
113 57 77
114 67 150
118 34 127
123 64 92
126 46 126
127 28 67
3 2 17 15
4 2 17 42
10 8 36 11
141 140 22 41
141 142 27 45
52 51 14 17
56 58 58 2
59 88 43 22
70 58 58 33
89 88 43 13
89 91 9 33
96 98 48 35
127 98 48 17
128 25 75 12 15
130 125 75 12 1
10 9 8 36 24
146 80 87 66 19
146 80 92 25 10
158 159 74 40 18
34 85 143 39 26
55 93 92 25 14
77 25 75 12 19
89 80 92 25 6
89 90 87 66 26
89 90 88 43 7
95 81 143 39 12
112 86 87 66 10
126 125 75 12 7
127 90 88 43 10
127 90 91 9 33
10 9 86 87 66 7
34 35 25 75 12 16
127 90 88 91 9 1
