270

129 99 125
258 106 100
130 83 86
132 0 107
5 112 156
262 16 85
134 96 59
7 50 93
264 130 45
9 71 112
139 86 181
11 77 109
268 46 35
269 102 84
142 114 72
146 36 127
274 103 76
276 38 155
21 19 116
278 13 85
23 76 189
285 60 129
32 73 66
34 14 92
163 70 70
37 85 69
38 63 57
296 105 100
168 117 93
297 92 91
45 52 192
174 94 41
47 129 78
48 48 72
49 31 263
178 81 30
181 41 81
186 24 92
64 132 91
65 18 74
194 45 60
67 75 152
68 42 63
69 116 152
198 115 82
71 53 120
199 7 76
200 109 106
76 29 79
205 100 102
207 55 185
210 131 120
83 118 65
213 15 76
214 12 111
215 20 98
216 90 80
218 11 100
90 37 75
91 25 209
94 69 68
96 34 53
226 107 71
102 123 45
105 101 99
106 47 58
108 54 43
237 43 110
238 33 57
240 64 80
241 3 84
242 79 204
114 125 128
115 78 169
243 10 100
117 133 59
120 6 216
126 82 101
129 127 68 35
130 128 35 23
130 127 68 26
2 41 121 1
2 43 80 22
2 28 72 5
132 136 134 31
4 131 28 15
4 42 2 25
4 43 80 27
4 78 65 24
5 6 9 9
262 261 30 18
7 6 9 43
264 263 39 31
264 265 124 13
264 267 93 35
9 250 51 1
268 86 84 15
276 24 61 4
23 22 5 40
23 24 61 25
285 127 68 17
38 41 121 36
296 41 121 14
296 250 51 32
168 170 111 10
47 6 9 20
48 46 95 21
49 46 95 1
178 15 88 5
181 183 66 32
186 187 74 13
194 195 98 1
194 196 108 35
69 42 2 13
198 170 111 28
198 125 32 31
199 201 62 30
200 56 26 19
200 201 62 29
76 74 57 18
207 208 127 40
214 177 91 5
218 86 84 4
90 46 95 10
222 176 23 7
222 104 49 38
222 123 126 40
96 97 110 32
106 290 8 11
238 284 128 26
241 244 56 2
242 244 56 22
114 118 97 30
114 79 27 31
117 118 97 3
120 121 40 45
126 125 32 6
129 51 290 8 7
129 151 160 1 2
2 3 230 67 24
2 3 121 40 14
2 20 24 61 32
2 4 78 65 13
2 189 187 74 2
132 133 104 49 14
262 221 231 120 2
262 111 185 113 27
134 135 85 104 19
134 122 121 40 19
134 220 230 67 9
264 266 265 124 16
264 155 204 87 6
139 113 183 66 19
269 152 176 23 30
146 144 263 39 1
274 266 265 124 9
274 266 267 93 10
276 153 160 1 1
276 153 261 30 24
276 153 187 74 3
276 153 30 22 11
21 19 187 74 9
23 19 187 74 2
23 53 85 104 11
285 287 30 22 13
168 26 233 21 10
168 26 28 72 1
168 223 86 84 2
168 223 14 4 24
297 298 125 32 15
297 271 28 72 24
49 271 28 72 6
194 193 195 98 1
194 193 196 108 24
194 197 160 1 8
194 197 195 98 12
194 169 170 111 4
67 232 231 120 6
68 270 293 58 7
69 232 231 120 7
69 232 233 21 35
69 221 231 120 20
198 247 246 17 1
199 55 104 49 4
199 55 235 89 12
200 36 231 120 14
200 203 201 62 22
76 292 290 8 16
76 87 85 104 9
76 87 86 84 3
76 75 74 57 14
205 95 233 21 25
207 3 121 40 13
210 283 284 128 2
214 217 86 84 7
215 53 85 104 32
215 217 86 84 15
94 52 16 59 30
94 95 233 21 10
222 182 208 127 14
222 135 85 104 13
222 135 136 134 19
222 251 250 51 2
96 220 230 67 28
226 228 246 17 16
106 84 196 108 22
106 84 15 88 10
106 217 86 84 1
237 54 261 30 27
242 179 180 119 31
242 248 246 17 1
120 19 187 74 19
120 3 29 122 31
126 249 246 17 24
126 124 125 32 21
129 51 12 16 59 18
129 151 247 246 17 6
129 151 156 177 91 10
2 4 1 14 4 2
2 4 1 15 88 3
5 224 254 252 44 6
264 155 84 15 88 29
139 113 19 187 74 4
146 144 263 265 124 2
146 144 263 267 93 6
276 153 1 15 88 1
285 287 1 15 88 1
32 153 1 15 88 1
32 153 184 293 58 18
296 4 3 29 122 8
296 4 43 160 1 11
296 4 43 14 4 4
296 295 26 28 72 9
296 299 272 6 9 5
297 298 1 15 88 2
49 0 1 15 88 8
49 271 169 170 111 1
49 271 169 29 122 1
186 154 152 176 23 5
194 113 19 187 74 5
194 193 197 195 98 1
198 154 152 170 111 1
198 154 169 29 122 5
200 36 231 233 21 2
76 36 231 233 21 4
83 81 80 261 30 1
91 151 156 177 91 24
94 4 43 14 4 2
222 260 266 267 93 5
222 135 85 86 84 3
238 110 255 252 44 9
115 153 184 293 58 8
5 224 221 231 233 21 2
49 0 84 196 195 98 13
198 154 150 112 125 32 11
76 292 148 234 235 89 6
205 207 3 217 86 84 12
215 53 257 27 22 5 9
91 151 247 249 246 17 1
91 151 156 248 246 17 8
105 107 55 266 267 93 9
237 54 253 254 252 44 7
238 110 159 164 30 22 20
117 157 159 164 30 22 7
296 299 272 271 169 29 122 4
205 207 3 253 254 252 44 15
83 81 80 173 175 176 23 1
94 4 3 253 254 252 44 5
114 79 52 55 266 267 93 1
142 63 81 80 173 175 176 23 1
